f1_diso:0.8063163187002195
f1_case:0.9055555555555556
f1_rpkg:0.7633941668552652
f1_scip:0.91010101010101
f1_iscb:0.840420227920228
f1_mean:0.8451574558264557