f1_diso:0.9712918660287082
f1_case:0.6858091787439613
f1_rpkg:0.7990811121245903
f1_scip:0.75
f1_iscb:0.7984553254721503
f1_mean:0.800927496473882