f1_diso:0.86286301189527
f1_scip:0.6205314009661835
f1_rpkg:0.7389567948391479
f1_case:0.8207061457061458
f1_mean:0.7607643383516868