f1_case:0.639640522875817
f1_iscb:0.7891705069124423
f1_diso:0.9111111111111111
f1_rpkg:0.7006426177157885
f1_scip:0.6132478632478632
f1_mean:0.7307625243726045