f1_case:0.8257045680370437
f1_iscb:0.7758537758537759
f1_diso:0.5
f1_rpkg:0.8079202279202279
f1_scip:0.7213064713064714
f1_mean:0.7261570086235037