f1_diso:0.6835978835978835
f1_scip:0.8497555478054198
f1_iscb:0.9327053140096618
f1_case:0.6916738816738817
f1_mean:0.7894331567717117