f1_case:0.8827586206896552
f1_iscb:0.8148809523809524
f1_diso:0.720456703790037
f1_rpkg:0.7413303078668538
f1_scip:0.6818392255892256
f1_mean:0.7682531620633448