f1_diso:0.8097804972804973
f1_scip:0.7343759018759018
f1_iscb:0.8346420486700623
f1_case:0.7613442113442113
f1_mean:0.7850356647926682