f1_diso:0.38181818181818183
f1_case:0.8765729939908095
f1_rpkg:0.8475534991324464
f1_scip:0.7572896452206797
f1_iscb:0.7527056277056277
f1_mean:0.723187989573549