f1_diso:0.8873169807132072
f1_scip:0.598980729415512
f1_rpkg:0.6676418136163899
f1_case:0.8127642825011246
f1_mean:0.7416759515615584